949 949 691 589 357 736 549 54 49 960 76 194 748 479 282 607
469 289 469 866 80 364 496 518 586 884 425 14 789 813 678 522
944 530 311 147 282 226 474 566 767 393 511 85 582 783 700 984
375 542 356 16 116 201 648 135 262 625 614 186 167 598 853 563
578 577 630 693 15 731 144 339 873 942 564 313 493 153 825 515
578 161 182 714 931 870 814 1010 589 942 180 963 170 514 604 235
578 670 916 503 724 638 57 748 538 948 609 983 477 153 768 440
375 798 159 703 122 131 818 904 162 540 557 734 728 153 942 167
325 533 208 134 896 122 673 159 574 532 441 425 527 129 247 513
973 544 881 955 605 556 206 713 428 324 393 874 354 153 545 513
7 673 296 559 639 554 973 243 23 742 218 246 738 834 702 267
33 997 467 232 60 794 191 109 1011 987 124 703 1003 385 26 589
1017 700 34 232 991 164 132 424 664 162 244 452 720 503 417 411
251 867 308 800 397 607 827 5 373 910 399 355 920 50 105 495
186 179 210 75 358 615 76 554 519 257 52 544 29 113 786 353
20 863 334 814 658 976 549 246 745 262 183 781 622 622 658 148
1018 241 330 232 999 382 91 406 734 368 981 496 1009 984 678 471
615 245 460 232 282 273 334 217 804 890 803 415 571 606 621 4
622 99 453 726 257 360 186 213 703 19 711 771 270 466 417 922
186 406 550 466 282 438 3 1019 162 654 68 767 672 159 654 479
891 413 138 56 124 784 828 384 503 511 654 464 181 1017 779 137
908 798 597 660 20 240 958 247 190 424 655 22 1003 50 779 351
252 1023 432 541 503 760 225 25 602 909 928 868 848 322 943 784
662 651 708 447 64 778 1003 981 436 562 149 714 516 18 672 235
711 961 530 447 775 301 694 246 79 585 1009 473 172 153 425 895
897 961 224 136 528 419 540 469 71 795 800 473 448 153 504 1015
1015 542 594 556 285 60 346 515 219 483 292 473 526 770 574 707
7 534 314 798 862 98 319 956 250 297 86 985 129 77 921 481
325 619 314 922 724 122 673 607 197 491 417 519 774 808 293 711
325 798 347 518 1006 122 1023 683 262 905 197 186 104 624 545 421
325 798 713 23 724 615 673 795 268 171 895 307 864 16 428 820
325 817 592 214 724 454 851 246 945 780 431 845 367 347 552 513
375 626 146 16 262 893 232 361 593 481 880 791 543 989 218 927
283 256 18 850 347 239 863 71 79 449 569 154 72 267 768 774
375 3 533 922 111 514 735 198 869 880 362 791 304 277 891 100
375 170 71 16 724 302 56 437 491 479 914 386 160 566 919 958
325 371 496 152 724 357 785 361 954 258 773 609 82 555 66 231
325 390 218 331 246 953 961 965 733 243 557 868 394 333 996 359
325 798 863 518 724 680 691 971 262 152 833 473 129 222 487 624
899 798 863 518 724 122 840 246 262 152 441 186 129 153 545 513
325 798 863 453 724 122 673 952 647 152 58 980 129 394 91 513
33 798 820 617 721 122 695 713 448 717 166 532 357 339 935 371
623 921 579 10 606 680 803 608 698 114 671 558 720 410 938 952
186 368 481 266 681 561 136 594 191 870 249 194 90 431 967 719
571 807 463 835 475 47 528 1010 774 838 472 460 468 576 936 842
457 935 632 835 670 79 475 633 243 82 585 399 1 361 178 579
916 441 997 1023 464 458 363 19 938 828 216 193 416 104 326 706
796 630 787 552 382 828 863 382 605 823 1010 487 788 453 906 658
724 523 964 15 872 391 530 846 369 491 901 66 967 757 572 854
325 798 363 866 438 122 50 246 262 152 478 473 412 10 529 309
325 734 863 726 1006 122 673 795 262 464 398 473 129 808 996 371
325 895 863 761 372 122 673 135 262 181 133 473 129 908 575 371
283 886 168 1006 725 122 891 65 684 186 614 57 129 153 545 371
288 73 153 3 898 896 177 501 268 723 1005 178 965 367 663 565
609 454 746 233 881 55 785 887 427 93 167 171 649 493 597 964
303 236 608 401 343 806 3 290 700 114 715 458 607 472 13 161
786 572 419 821 49 513 828 227 745 524 667 252 811 933 840 669
89 660 880 266 313 354 190 169 550 852 901 183 310 891 313 202
325 962 356 985 830 122 1023 741 516 11 646 473 588 764 447 513
325 772 863 316 1006 122 673 135 262 951 438 473 190 848 545 593
325 751 863 284 372 122 673 246 262 293 479 186 129 624 680 513
969 76 220 392 303 467 783 653 373 972 932 911 604 287 591 630
288 164 122 3 596 399 988 706 703 244 101 802 974 638 577 436
726 17 545 518 152 223 25 966 240 24 146 412 340 752 117 371
227 5 431 674 78 749 863 468 711 193 288 919 231 674 240 913
981 191 727 747 1017 70 20 568 864 213 185 387 367 249 644 506
138 798 392 747 821 24 506 409 59 827 14 80 968 855 289 404
325 798 407 453 6 1015 842 246 515 636 929 466 384 683 545 513
578 798 283 453 378 459 34 148 125 845 21 838 500 1001 545 147
138 550 36 703 425 362 168 628 142 558 34 53 863 412 545 513
578 630 196 980 599 339 973 373 438 678 869 808 158 162 545 372
578 911 112 717 304 699 673 849 930 423 612 968 129 82 577 41
325 732 62 117 342 43 408 246 86 698 632 186 717 456 480 561
283 384 347 307 724 122 396 412 262 152 644 839 163 153 545 513
294 839 60 348 286 862 640 796 373 500 200 887 286 696 951 727
32 43 239 731 132 631 577 213 766 67 226 464 79 235 542 463
659 627 460 552 601 579 695 533 241 203 721 73 131 136 776 954
561 961 754 147 238 194 316 669 487 355 21 520 803 473 815 131
858 120 308 1007 69 92 265 210 378 95 89 227 671 892 767 309
645 67 132 988 293 540 66 855 259 14 929 281 468 413 545 968
866 148 193 22 20 678 66 954 286 877 765 562 468 153 753 355
325 842 863 288 529 122 673 870 177 741 624 473 129 888 996 513
375 552 863 854 968 122 673 174 262 905 260 473 542 153 979 513
283 191 863 427 186 1019 396 36 1017 692 292 473 896 153 72 359
189 872 886 722 724 98 673 577 639 419 228 473 129 197 545 803
301 553 177 875 541 51 39 670 613 834 557 519 42 110 987 248
718 493 177 756 262 620 299 681 901 991 620 594 648 857 386 950
1021 35 481 597 644 803 534 23 97 636 448 682 623 83 700 215
325 298 445 757 941 167 411 810 342 244 244 1004 395 594 1020 513
33 605 863 339 695 294 762 52 712 585 432 551 321 750 764 773
747 481 863 210 695 167 777 197 6 364 722 881 126 86 582 534
1017 44 863 254 626 523 759 246 503 641 273 558 547 987 329 435
33 800 358 315 338 766 636 9 342 796 366 532 418 171 45 382
726 245 395 865 191 452 383 423 519 780 715 180 654 732 725 806
969 422 900 414 410 453 209 215 748 855 1014 91 59 338 135 144
107 641 138 1 292 614 619 376 848 32 490 73 283 839 774 30
404 804 191 644 398 330 335 408 380 118 757 590 770 873 768 159
509 948 484 437 265 50 218 287 34 378 612 185 447 708 680 156
147 971 612 325 607 1018 85 768 111 307 63 660 154 448 1019 677
375 884 326 59 779 267 138 341 715 981 280 228 721 218 351 414
578 718 442 337 170 806 600 812 940 585 359 373 154 873 641 688
578 954 245 228 959 843 4 279 233 874 527 1007 28 102 979 717
375 215 513 272 599 664 815 666 172 4 559 303 868 293 317 357
325 798 995 906 724 122 673 795 262 687 587 473 149 103 545 513
899 674 995 166 724 122 673 246 262 909 438 473 129 10 474 820
325 798 863 288 724 122 673 246 262 152 31 473 129 153 545 593
973 962 373 311 935 862 482 601 172 262 40 52 82 634 124 970
695 527 197 688 927 579 672 987 49 423 571 364 379 1014 364 337
381 844 250 124 212 902 999 965 162 433 874 391 154 974 208 420
46 575 260 459 468 442 1004 869 586 516 278 387 88 696 76 231
786 693 550 761 280 442 672 137 418 210 493 120 489 1017 934 565
100 223 753 132 448 105 211 583 944 654 170 369 199 479 206 117
830 997 905 709 314 360 135 363 202 945 542 158 968 573 814 522
622 866 582 1022 872 37 92 208 371 790 699 944 226 908 997 505
7 889 527 286 17 500 510 496 566 291 21 272 533 962 36 240
325 280 499 803 957 951 468 255 262 753 564 481 924 95 199 15
283 990 641 228 699 69 3 204 294 130 632 279 663 207 236 148
578 21 436 228 842 663 115 219 801 341 720 497 234 140 52 455
726 122 863 617 798 583 328 419 719 0 589 177 565 815 109 947
583 801 188 993 865 495 255 426 703 79 228 1023 461 533 3 590
158 737 896 130 794 601 109 319 621 589 676 365 68 469 688 381
447 146 1014 639 12 569 672 782 734 416 236 781 222 50 641 804
689 29 538 741 708 581 489 1010 475 523 797 633 230 507 404 55
132 88 562 447 176 277 816 468 211 34 935 125 347 1017 151 356
578 98 30 204 431 107 223 277 543 325 544 774 190 729 823 249
138 439 622 728 248 146 121 987 578 67 448 519 21 197 216 814
973 791 736 843 521 598 190 754 125 552 324 734 588 127 760 371
138 36 279 552 432 79 673 398 235 576 878 655 347 153 298 593
578 980 999 152 884 708 717 1023 385 24 441 734 264 102 88 513
375 798 117 408 844 122 673 423 262 794 362 473 347 576 254 421
325 824 131 1 1023 122 673 918 262 852 343 1012 129 3 215 371
325 798 311 518 724 122 673 432 262 152 609 186 129 153 545 879
578 798 636 173 439 159 673 751 58 152 808 874 129 958 813 513
649 112 30 147 960 378 738 228 875 538 30 415 999 659 832 880
283 411 20 41 961 279 1021 911 55 762 554 91 259 566 454 404
562 83 300 872 915 637 422 616 51 298 63 211 977 144 961 259
719 1 481 4 521 470 1006 320 596 287 766 209 226 452 234 248
323 75 460 900 254 24 672 320 571 247 357 34 797 736 116 355
708 795 921 1006 292 523 266 605 923 210 67 826 933 306 48 432
33 240 767 307 499 670 672 953 972 934 439 186 1002 708 545 828
578 162 706 843 97 223 719 506 50 597 1022 599 211 876 688 580
578 931 906 171 18 122 588 115 719 588 325 939 356 112 815 195
375 143 421 694 480 781 174 313 262 776 860 574 117 260 136 679
325 798 863 205 724 287 1023 937 151 317 171 94 129 365 361 815
708 665 12 319 847 554 26 829 640 511 420 424 129 308 982 513
92 902 492 826 850 786 928 52 924 396 288 318 620 387 820 334
897 316 775 442 528 48 911 40 291 482 57 51 1010 644 195 540
345 126 708 727 246 126 888 159 586 359 321 876 426 0 949 495
719 865 133 256 945 11 815 790 202 628 256 697 94 739 828 689
795 98 830 475 469 746 184 319 758 605 796 356 937 771 301 455
397 659 808 833 945 858 397 159 632 720 375 843 888 684 1001 958
708 179 557 847 441 998 920 373 14 772 149 714 750 998 437 879
33 408 12 147 18 681 331 350 262 361 903 186 248 153 727 879
33 1010 312 552 647 231 929 246 536 588 588 714 5 86 335 50
19 466 76 283 246 94 396 325 987 295 362 195 829 38 221 690
970 197 76 173 801 400 705 648 418 10 891 411 949 180 94 543
328 798 365 814 762 77 705 854 202 970 736 757 36 219 924 499
868 45 157 587 872 710 50 757 758 367 928 982 378 681 222 534
323 174 761 225 165 938 297 872 909 878 341 950 105 260 506 150
473 626 12 830 921 981 811 768 202 248 807 503 580 412 867 380
523 318 160 433 299 274 446 104 202 217 825 1008 720 211 857 870
858 9 906 828 393 929 477 368 891 491 668 599 574 771 135 690
340 982 621 414 272 934 349 394 825 699 954 79 839 440 500 564
835 641 587 724 381 769 530 455 521 671 879 473 415 715 630 436
308 202 31 878 355 446 59 616 939 328 191 473 516 436 614 820
609 982 592 698 724 231 770 401 113 103 591 985 640 780 137 514
890 359 414 955 37 528 744 946 552 582 715 22 1012 448 99 37
913 236 508 232 547 752 1023 424 758 797 911 850 168 924 213 497
272 1000 514 487 436 41 270 194 903 500 402 533 478 659 213 500
868 115 761 337 318 88 487 219 903 853 671 828 631 534 176 150
473 364 423 814 408 110 791 885 262 478 838 422 390 984 147 581
375 822 827 771 642 675 922 889 197 901 111 704 0 812 504 479
325 798 863 518 283 122 673 246 262 152 865 473 129 448 429 513
325 798 407 765 724 122 673 246 125 11 89 1012 129 185 1008 513
758 798 673 518 724 122 673 246 262 770 238 473 129 153 664 879
129 798 863 518 724 122 673 246 262 910 106 186 129 153 545 513
601 798 863 518 724 122 673 246 262 293 279 473 129 153 545 593
533 798 863 518 724 122 673 246 262 152 441 473 129 153 545 513
1018 798 863 518 724 122 673 246 262 152 929 186 129 153 545 513
129 798 863 518 724 122 673 246 262 152 324 473 129 153 545 513
1005 798 995 518 724 122 673 246 262 152 644 186 129 153 545 513
858 798 592 518 724 122 673 246 262 152 264 186 129 153 545 513
561 798 863 518 724 122 673 246 262 152 470 186 129 153 545 513
375 705 165 61 285 122 673 739 962 168 479 241 129 779 545 624
325 798 863 518 724 122 673 246 262 152 324 473 129 153 545 513
648 798 863 518 724 122 673 246 262 152 907 186 129 153 545 513
325 798 863 518 724 122 673 246 262 152 441 66 129 153 545 820
800 798 863 518 724 122 673 246 262 152 530 734 129 153 919 513
697 798 863 518 724 122 673 246 262 152 351 734 129 153 545 820
325 798 863 427 724 31 154 870 76 50 423 272 57 586 367 513
325 798 863 518 724 266 320 412 262 693 149 186 129 936 545 208
325 798 347 518 724 122 673 477 210 152 760 706 129 153 545 513
325 798 592 147 833 122 673 246 866 215 748 964 693 700 440 513
325 798 873 919 724 122 673 412 262 152 324 1012 129 153 996 879
325 54 196 518 724 362 673 414 262 864 310 186 129 153 545 513
325 798 35 447 605 568 502 885 262 81 829 914 129 733 545 355
395 798 863 518 1006 122 673 246 262 152 149 473 129 884 545 513
325 798 959 166 218 4 447 342 900 713 615 121 239 908 586 891
325 798 863 518 724 652 673 518 262 152 760 424 305 471 942 593
301 798 863 924 724 122 673 246 262 152 31 473 129 153 545 513
697 798 863 518 724 122 673 246 262 152 773 186 129 153 545 820
529 798 863 475 724 122 673 246 262 152 399 186 129 848 545 513
325 798 863 518 724 122 673 246 262 152 892 186 129 573 757 359
325 798 863 518 724 122 673 741 262 668 149 186 129 153 825 513
325 798 863 924 724 890 673 246 262 152 40 868 129 95 853 707
325 798 356 499 69 122 673 246 262 882 1022 466 368 136 552 513
325 798 863 854 714 122 673 795 262 152 907 980 129 140 708 379
325 798 160 284 29 995 673 246 172 462 393 263 129 858 545 593
325 798 863 117 872 122 551 440 262 513 351 171 155 857 545 513
325 798 356 254 724 122 173 512 262 152 171 511 129 530 115 513
325 798 863 337 724 36 709 713 262 152 740 186 129 304 602 513
325 798 519 59 724 122 673 246 262 152 374 530 266 768 545 879
325 798 949 786 724 271 673 246 262 983 426 186 884 573 545 879
325 798 863 186 242 122 673 246 40 152 176 734 129 942 979 421
615 798 592 518 724 122 132 246 262 152 470 473 129 153 248 879
325 798 863 518 724 122 673 741 262 152 149 734 129 153 545 513
325 798 122 518 724 122 673 246 262 655 609 655 9 346 545 513
276 798 863 518 724 122 673 246 262 152 651 473 129 153 545 593
325 798 863 411 724 122 673 246 262 152 75 186 129 187 545 513
325 798 863 518 499 122 458 246 719 152 479 985 496 339 545 513
559 213 30 349 525 460 363 268 460 887 809 312 550 800 833 238
711 29 129 927 627 625 727 676 183 865 783 216 873 948 665 81
579 797 853 911 56 389 411 55 547 469 424 792 222 1014 925 302
288 321 218 631 778 479 922 112 96 199 144 435 581 387 935 156
590 349 91 476 315 938 712 318 162 855 819 519 822 764 760 82
578 996 501 487 300 474 864 1015 625 546 568 692 326 74 171 853
1023 841 532 452 421 545 59 774 83 664 988 699 76 358 79 543
33 506 153 955 51 837 89 444 863 82 976 557 258 664 371 298
33 1 347 765 215 954 446 876 49 81 667 864 326 277 424 962
719 610 347 226 896 685 511 408 409 281 726 968 918 780 892 204
606 766 450 360 175 376 590 213 909 322 278 411 266 634 63 355
204 43 542 816 490 764 234 676 609 761 373 221 951 711 217 766
186 625 342 56 758 732 34 566 958 892 72 108 216 885 315 212
252 640 450 940 459 79 708 239 492 445 157 108 573 300 434 853
560 993 450 69 860 168 570 246 546 600 624 49 221 436 467 465
375 219 347 352 752 207 184 78 136 55 636 473 395 147 675 397
578 144 866 265 550 437 544 872 410 524 228 186 557 442 545 880
33 798 165 514 498 734 806 430 262 929 708 839 853 830 586 820
693 30 233 316 255 418 2 603 16 217 741 221 676 873 405 161
560 807 183 518 750 991 357 1017 224 460 814 356 573 957 644 293
578 798 305 1007 669 922 673 499 254 740 658 652 622 765 631 524
283 961 738 475 170 1013 1012 850 721 495 907 964 403 53 846 502
345 127 117 956 216 410 559 701 153 630 235 501 419 636 72 447
467 267 283 800 320 903 986 440 103 148 805 398 866 599 545 884
577 345 33 903 382 485 330 491 455 510 440 647 418 242 694 842
973 374 138 495 647 190 349 266 307 607 66 389 531 858 757 1001
484 622 8 769 466 232 681 711 519 297 422 977 418 119 771 325
571 991 873 312 550 438 363 950 804 222 816 909 731 849 545 937
1004 176 29 50 519 387 44 217 903 797 479 18 627 50 131 90
148 440 167 315 103 30 810 16 37 470 879 173 569 696 982 908
944 726 481 118 717 388 173 887 77 348 399 198 353 849 499 182
578 817 90 262 1023 403 394 296 576 188 132 985 304 327 688 417
138 69 760 100 17 890 742 63 709 37 847 706 0 666 379 222
200 905 173 328 218 755 399 244 49 178 40 289 658 848 26 131
325 798 863 518 1006 574 680 246 262 152 279 473 129 365 545 513
325 798 863 262 724 122 673 246 262 152 470 473 129 153 675 513
370 831 934 565 239 391 14 437 525 584 778 718 251 132 856 378
36 154 145 604 476 391 786 284 673 612 672 424 513 601 628 268
621 381 442 192 458 391 542 676 529 903 228 706 297 434 915 749
796 798 10 307 423 983 488 611 673 387 149 655 355 434 134 95
604 814 203 316 14 887 536 869 866 542 961 473 663 299 142 871
898 66 533 116 894 288 137 730 279 699 351 473 355 713 750 970
301 798 743 299 14 554 616 611 839 189 807 473 17 127 733 1007
120 623 745 917 109 793 225 348 374 708 1022 473 708 127 828 343
793 774 592 376 353 375 647 464 591 877 238 473 246 283 148 19
325 906 275 808 292 165 705 778 457 882 763 794 469 784 118 373
676 798 863 518 724 122 673 246 262 152 149 186 129 153 545 513
715 798 863 518 724 122 673 246 262 152 149 186 129 153 545 513
763 798 863 518 724 122 673 246 262 152 149 186 129 153 545 513
466 798 863 518 724 122 673 246 262 152 149 186 129 153 545 513
150 798 863 518 724 122 673 246 262 152 149 186 129 153 545 513
150 798 863 518 724 122 673 246 262 152 149 186 129 153 545 513
400 798 863 518 724 122 673 246 262 152 149 186 129 153 545 513
466 798 863 518 724 122 673 246 262 152 149 186 129 153 545 513
466 798 863 518 724 122 673 246 262 152 149 186 129 153 545 513
466 798 863 518 724 122 673 246 262 152 149 186 129 153 545 513
466 798 863 518 724 122 673 246 262 152 149 186 129 153 545 513
466 798 863 518 724 122 673 246 262 152 149 186 129 153 545 513
466 798 863 518 724 122 673 246 262 152 149 186 129 153 545 513
466 798 863 518 724 122 673 246 262 152 149 186 129 153 545 513
466 798 863 518 724 122 673 246 262 152 149 186 129 153 545 513
466 798 863 518 724 122 673 246 262 152 149 186 129 153 545 513
466 798 863 518 724 122 673 246 262 152 149 186 129 153 545 513
466 798 863 518 724 122 673 246 262 152 149 186 129 153 545 513
466 798 863 518 724 122 673 246 262 152 149 186 129 153 545 513
466 798 863 518 724 122 673 246 262 152 149 186 129 153 545 513
466 798 863 518 724 122 673 246 262 152 149 186 129 153 545 513
466 798 863 518 724 122 673 246 262 152 149 186 129 153 545 513
466 798 863 518 724 122 673 246 262 152 149 186 129 153 545 513
466 798 863 518 724 122 673 246 262 152 149 186 129 153 545 513
466 798 863 518 724 122 673 246 262 152 149 186 129 153 545 513
466 798 863 518 724 122 673 246 262 152 149 186 129 153 545 513
466 798 863 518 724 122 673 246 262 152 149 186 129 153 545 513
466 798 863 518 724 122 673 246 262 152 149 186 129 153 545 513
466 798 863 518 724 122 673 246 262 152 149 186 129 153 545 513
466 798 863 518 724 122 673 246 262 152 149 186 129 153 545 513
466 798 863 518 724 122 673 246 262 152 149 186 129 153 545 513
466 798 863 518 724 122 673 246 262 152 149 186 129 153 545 513
466 798 863 518 724 122 673 246 262 152 149 186 129 153 545 513
466 798 863 518 724 122 673 246 262 152 149 186 129 153 545 513
466 798 863 518 724 122 673 246 262 152 149 186 129 153 545 513
466 798 863 518 724 122 673 246 262 152 149 186 129 153 545 513
466 798 863 518 724 122 673 246 262 152 149 186 129 153 545 513
466 798 863 518 724 122 673 246 262 152 149 186 129 153 545 513
466 798 863 518 724 122 673 246 262 152 149 186 129 153 545 513
466 798 863 518 724 122 673 246 262 152 149 186 129 153 545 513
466 798 863 518 724 122 673 246 262 152 149 186 129 153 545 513
466 798 863 518 724 122 673 246 262 152 149 186 129 153 545 513
466 798 863 518 724 122 673 246 262 152 149 186 129 153 545 513
466 798 863 518 724 122 673 246 262 152 149 186 129 153 545 513
466 798 863 518 724 122 673 246 262 152 149 186 129 153 545 513
466 798 863 518 724 122 673 246 262 152 149 186 129 153 545 513
466 798 863 518 724 122 673 246 262 152 149 186 129 153 545 513
466 798 863 518 724 122 673 246 262 152 149 186 129 153 545 513
466 798 863 518 724 122 673 246 262 152 149 186 129 153 545 513
466 798 863 518 724 122 673 246 262 152 149 186 129 153 545 513
466 798 863 518 724 122 673 246 262 152 149 186 129 153 545 513
466 798 863 518 724 122 673 246 262 152 149 186 129 153 545 513
466 798 863 518 724 122 673 246 262 152 149 186 129 153 545 513
466 798 863 518 724 122 673 246 262 152 149 186 129 153 545 513
466 798 863 518 724 122 673 246 262 152 149 186 129 153 545 513
466 798 863 518 724 122 673 246 262 152 149 186 129 153 545 513
466 798 863 518 724 122 673 246 262 152 149 186 129 153 545 513
466 798 863 518 724 122 673 246 262 152 149 186 129 153 545 513
466 798 863 518 724 122 673 246 262 152 149 186 129 153 545 513
466 798 863 518 724 122 673 246 262 152 149 186 129 153 545 513
466 798 863 518 724 122 673 246 262 152 149 186 129 153 545 513
466 798 863 518 724 122 673 246 262 152 149 186 129 153 545 513
466 798 863 518 724 122 673 246 262 152 149 186 129 153 545 513
466 798 863 518 724 122 673 246 262 152 149 186 129 153 545 513
466 798 863 518 724 122 673 246 262 152 149 186 129 153 545 513
466 798 863 518 724 122 673 246 262 152 149 186 129 153 545 513
466 798 863 518 724 122 673 246 262 152 149 186 129 153 545 513
466 798 863 518 724 122 673 246 262 152 149 186 129 153 545 513
466 798 863 518 724 122 673 246 262 152 149 186 129 153 545 513
466 798 863 518 724 122 673 246 262 152 149 186 129 153 545 513
466 798 863 518 724 122 673 246 262 152 149 186 129 153 545 513
466 798 863 518 724 122 673 246 262 152 149 186 129 153 545 513
466 798 863 518 724 122 673 246 262 152 149 186 129 153 545 513
466 798 863 518 724 122 673 246 262 152 149 186 129 153 545 513
466 798 863 518 724 122 673 246 262 152 149 186 129 153 545 513
466 798 863 518 724 122 673 246 262 152 149 186 129 153 545 513
466 798 863 518 724 122 673 246 262 152 149 186 129 153 545 513
466 798 863 518 724 122 673 246 262 152 149 186 129 153 545 513
466 798 863 518 724 122 673 246 262 152 149 186 129 153 545 513
466 798 863 518 724 122 673 246 262 152 149 186 129 153 545 513
466 798 863 518 724 122 673 246 262 152 149 186 129 153 545 513
466 798 863 518 724 122 673 246 262 152 149 186 129 153 545 513
466 798 863 518 724 122 673 246 262 152 149 186 129 153 545 513
466 798 863 518 724 122 673 246 262 152 149 186 129 153 545 513
466 798 863 518 724 122 673 246 262 152 149 186 129 153 545 513
466 798 863 518 724 122 673 246 262 152 149 186 129 153 545 513
466 798 863 518 724 122 673 246 262 152 149 186 129 153 545 513
466 798 863 518 724 122 673 246 262 152 149 186 129 153 545 513
466 798 863 518 724 122 673 246 262 152 149 186 129 153 545 513
466 798 863 518 724 122 673 246 262 152 149 186 129 153 545 513
466 798 863 518 724 122 673 246 262 152 149 186 129 153 545 513
466 798 863 518 724 122 673 246 262 152 149 186 129 153 545 513
466 798 863 518 724 122 673 246 262 152 149 186 129 153 545 513
466 798 863 518 724 122 673 246 262 152 149 186 129 153 545 513
466 798 863 518 724 122 673 246 262 152 149 186 129 153 545 513
466 798 863 518 724 122 673 246 262 152 149 186 129 153 545 513
466 798 863 518 724 122 673 246 262 152 149 186 129 153 545 513
466 798 863 518 724 122 673 246 262 152 149 186 129 153 545 513
466 798 863 518 724 122 673 246 262 152 149 186 129 153 545 513
466 798 863 518 724 122 673 246 262 152 149 186 129 153 545 513
466 798 863 518 724 122 673 246 262 152 149 186 129 153 545 513
466 798 863 518 724 122 673 246 262 152 149 186 129 153 545 513
466 798 863 518 724 122 673 246 262 152 149 186 129 153 545 513
466 798 863 518 724 122 673 246 262 152 149 186 129 153 545 513
466 798 863 518 724 122 673 246 262 152 149 186 129 153 545 513
466 798 863 518 724 122 673 246 262 152 149 186 129 153 545 513
466 798 863 518 724 122 673 246 262 152 149 186 129 153 545 513
466 798 863 518 724 122 673 246 262 152 149 186 129 153 545 513
466 798 863 518 724 122 673 246 262 152 149 186 129 153 545 513
466 798 863 518 724 122 673 246 262 152 149 186 129 153 545 513
466 798 863 518 724 122 673 246 262 152 149 186 129 153 545 513
466 798 863 518 724 122 673 246 262 152 149 186 129 153 545 513
466 798 863 518 724 122 673 246 262 152 149 186 129 153 545 513
466 798 863 518 724 122 673 246 262 152 149 186 129 153 545 513
466 798 863 518 724 122 673 246 262 152 149 186 129 153 545 513
466 798 863 518 724 122 673 246 262 152 149 186 129 153 545 513
466 798 863 518 724 122 673 246 262 152 149 186 129 153 545 513
466 798 863 518 724 122 673 246 262 152 149 186 129 153 545 513
466 798 863 518 724 122 673 246 262 152 149 186 129 153 545 513
466 798 863 518 724 122 673 246 262 152 149 186 129 153 545 513
466 798 863 518 724 122 673 246 262 152 149 186 129 153 545 513
466 798 863 518 724 122 673 246 262 152 149 186 129 153 545 513
466 798 863 518 724 122 673 246 262 152 149 186 129 153 545 513
466 798 863 518 724 122 673 246 262 152 149 186 129 153 545 513
466 798 863 518 724 122 673 246 262 152 149 186 129 153 545 513
466 798 863 518 724 122 673 246 262 152 149 186 129 153 545 513
466 798 863 518 724 122 673 246 262 152 149 186 129 153 545 513
466 798 863 518 724 122 673 246 262 152 149 186 129 153 545 513
466 798 863 518 724 122 673 246 262 152 149 186 129 153 545 513
466 798 863 518 724 122 673 246 262 152 149 186 129 153 545 513
466 798 863 518 724 122 673 246 262 152 149 186 129 153 545 513
466 798 863 518 724 122 673 246 262 152 149 186 129 153 545 513
466 798 863 518 724 122 673 246 262 152 149 186 129 153 545 513
466 798 863 518 724 122 673 246 262 152 149 186 129 153 545 513
466 798 863 518 724 122 673 246 262 152 149 186 129 153 545 513
466 798 863 518 724 122 673 246 262 152 149 186 129 153 545 513
466 798 863 518 724 122 673 246 262 152 149 186 129 153 545 513
466 798 863 518 724 122 673 246 262 152 149 186 129 153 545 513
466 798 863 518 724 122 673 246 262 152 149 186 129 153 545 513
466 798 863 518 724 122 673 246 262 152 149 186 129 153 545 513
466 798 863 518 724 122 673 246 262 152 149 186 129 153 545 513
466 798 863 518 724 122 673 246 262 152 149 186 129 153 545 513
466 798 863 518 724 122 673 246 262 152 149 186 129 153 545 513
466 798 863 518 724 122 673 246 262 152 149 186 129 153 545 513
466 798 863 518 724 122 673 246 262 152 149 186 129 153 545 513
466 798 863 518 724 122 673 246 262 152 149 186 129 153 545 513
466 798 863 518 724 122 673 246 262 152 149 186 129 153 545 513
466 798 863 518 724 122 673 246 262 152 149 186 129 153 545 513
466 798 863 518 724 122 673 246 262 152 149 186 129 153 545 513
466 798 863 518 724 122 673 246 262 152 149 186 129 153 545 513
466 798 863 518 724 122 673 246 262 152 149 186 129 153 545 513
466 798 863 518 724 122 673 246 262 152 149 186 129 153 545 513
466 798 863 518 724 122 673 246 262 152 149 186 129 153 545 513
466 798 863 518 724 122 673 246 262 152 149 186 129 153 545 513
466 798 863 518 724 122 673 246 262 152 149 186 129 153 545 513
466 798 863 518 724 122 673 246 262 152 149 186 129 153 545 513
466 798 863 518 724 122 673 246 262 152 149 186 129 153 545 513
466 798 863 518 724 122 673 246 262 152 149 186 129 153 545 513
466 798 863 518 724 122 673 246 262 152 149 186 129 153 545 513
466 798 863 518 724 122 673 246 262 152 149 186 129 153 545 513
466 798 863 518 724 122 673 246 262 152 149 186 129 153 545 513
466 798 863 518 724 122 673 246 262 152 149 186 129 153 545 513
466 798 863 518 724 122 673 246 262 152 149 186 129 153 545 513
466 798 863 518 724 122 673 246 262 152 149 186 129 153 545 513
466 798 863 518 724 122 673 246 262 152 149 186 129 153 545 513
466 798 863 518 724 122 673 246 262 152 149 186 129 153 545 513
466 798 863 518 724 122 673 246 262 152 149 186 129 153 545 513
466 798 863 518 724 122 673 246 262 152 149 186 129 153 545 513
466 798 863 518 724 122 673 246 262 152 149 186 129 153 545 513
466 798 863 518 724 122 673 246 262 152 149 186 129 153 545 513
466 798 863 518 724 122 673 246 262 152 149 186 129 153 545 513
466 798 863 518 724 122 673 246 262 152 149 186 129 153 545 513
466 798 863 518 724 122 673 246 262 152 149 186 129 153 545 513
466 798 863 518 724 122 673 246 262 152 149 186 129 153 545 513
466 798 863 518 724 122 673 246 262 152 149 186 129 153 545 513
466 798 863 518 724 122 673 246 262 152 149 186 129 153 545 513
466 798 863 518 724 122 673 246 262 152 149 186 129 153 545 513
466 798 863 518 724 122 673 246 262 152 149 186 129 153 545 513
466 798 863 518 724 122 673 246 262 152 149 186 129 153 545 513
466 798 863 518 724 122 673 246 262 152 149 186 129 153 545 513
466 798 863 518 724 122 673 246 262 152 149 186 129 153 545 513
466 798 863 518 724 122 673 246 262 152 149 186 129 153 545 513
466 798 863 518 724 122 673 246 262 152 149 186 129 153 545 513
466 798 863 518 724 122 673 246 262 152 149 186 129 153 545 513
466 798 863 518 724 122 673 246 262 152 149 186 129 153 545 513
466 798 863 518 724 122 673 246 262 152 149 186 129 153 545 513
466 798 863 518 724 122 673 246 262 152 149 186 129 153 545 513
466 798 863 518 724 122 673 246 262 152 149 186 129 153 545 513
466 798 863 518 724 122 673 246 262 152 149 186 129 153 545 513
466 798 863 518 724 122 673 246 262 152 149 186 129 153 545 513
466 798 863 518 724 122 673 246 262 152 149 186 129 153 545 513
466 798 863 518 724 122 673 246 262 152 149 186 129 153 545 513
466 798 863 518 724 122 673 246 262 152 149 186 129 153 545 513
466 798 863 518 724 122 673 246 262 152 149 186 129 153 545 513
466 798 863 518 724 122 673 246 262 152 149 186 129 153 545 513
466 798 863 518 724 122 673 246 262 152 149 186 129 153 545 513
466 798 863 518 724 122 673 246 262 152 149 186 129 153 545 513
466 798 863 518 724 122 673 246 262 152 149 186 129 153 545 513
466 798 863 518 724 122 673 246 262 152 149 186 129 153 545 513
466 798 863 518 724 122 673 246 262 152 149 186 129 153 545 513
466 798 863 518 724 122 673 246 262 152 149 186 129 153 545 513
466 798 863 518 724 122 673 246 262 152 149 186 129 153 545 513
466 798 863 518 724 122 673 246 262 152 149 186 129 153 545 513
466 798 863 518 724 122 673 246 262 152 149 186 129 153 545 513
466 798 863 518 724 122 673 246 262 152 149 186 129 153 545 513
466 798 863 518 724 122 673 246 262 152 149 186 129 153 545 513
466 798 863 518 724 122 673 246 262 152 149 186 129 153 545 513
466 798 863 518 724 122 673 246 262 152 149 186 129 153 545 513
466 798 863 518 724 122 673 246 262 152 149 186 129 153 545 513
466 798 863 518 724 122 673 246 262 152 149 186 129 153 545 513
466 798 863 518 724 122 673 246 262 152 149 186 129 153 545 513
466 798 863 518 724 122 673 246 262 152 149 186 129 153 545 513
466 798 863 518 724 122 673 246 262 152 149 186 129 153 545 513
466 798 863 518 724 122 673 246 262 152 149 186 129 153 545 513
466 798 863 518 724 122 673 246 262 152 149 186 129 153 545 513
466 798 863 518 724 122 673 246 262 152 149 186 129 153 545 513
466 798 863 518 724 122 673 246 262 152 149 186 129 153 545 513
466 798 863 518 724 122 673 246 262 152 149 186 129 153 545 513
466 798 863 518 724 122 673 246 262 152 149 186 129 153 545 513
466 798 863 518 724 122 673 246 262 152 149 186 129 153 545 513
466 798 863 518 724 122 673 246 262 152 149 186 129 153 545 513
466 798 863 518 724 122 673 246 262 152 149 186 129 153 545 513
466 798 863 518 724 122 673 246 262 152 149 186 129 153 545 513
466 798 863 518 724 122 673 246 262 152 149 186 129 153 545 513
466 798 863 518 724 122 673 246 262 152 149 186 129 153 545 513
466 798 863 518 724 122 673 246 262 152 149 186 129 153 545 513
466 798 863 518 724 122 673 246 262 152 149 186 129 153 545 513
466 798 863 518 724 122 673 246 262 152 149 186 129 153 545 513
466 798 863 518 724 122 673 246 262 152 149 186 129 153 545 513
466 798 863 518 724 122 673 246 262 152 149 186 129 153 545 513
466 798 863 518 724 122 673 246 262 152 149 186 129 153 545 513
466 798 863 518 724 122 673 246 262 152 149 186 129 153 545 513
466 798 863 518 724 857 673 246 262 152 149 186 129 153 545 513
466 798 863 518 724 857 673 246 262 152 149 186 129 153 545 513
466 798 863 518 724 857 673 246 262 152 149 186 129 153 545 513
