949 867 682 589 262 60 549 614 49 960 582 194 990 479 570 574
197 289 118 738 80 364 496 746 83 436 964 14 270 813 678 522
944 37 311 491 282 345 474 197 767 393 97 85 872 237 323 4
719 359 1000 846 446 23 546 797 279 452 393 594 608 337 149 832
10 577 577 1013 331 890 367 1014 970 114 961 977 145 583 48 22
877 903 107 721 428 146 903 920 481 34 140 684 671 871 103 971
323 125 743 1002 442 430 983 388 528 177 324 1023 1021 49 306 500
205 477 76 30 66 465 463 975 50 207 574 926 142 24 716 1023
747 432 460 704 708 914 832 768 979 311 895 392 528 996 65 469
345 652 525 466 327 913 252 34 630 911 16 323 774 655 742 577
649 673 451 963 671 248 973 397 883 235 538 363 419 766 105 430
562 729 684 870 603 204 365 155 351 470 266 626 518 424 873 284
649 650 52 1023 839 164 943 554 664 203 616 88 672 864 692 427
189 820 740 88 487 366 668 5 274 344 273 613 949 519 124 665
687 438 391 41 373 202 366 142 284 277 939 781 66 148 332 340
1018 863 79 574 865 599 957 792 734 433 927 477 497 120 194 1009
327 241 707 884 434 11 91 705 903 382 879 696 1009 727 570 976
529 354 284 760 1007 874 334 406 983 503 622 253 571 218 651 4
24 870 904 726 812 1007 999 619 962 688 77 58 226 466 341 39
781 406 1018 169 807 869 288 241 150 654 601 244 672 6 859 703
890 501 664 82 400 762 744 635 760 289 218 869 282 573 285 397
781 475 724 660 132 623 249 407 379 756 628 796 0 854 818 17
689 328 382 541 996 559 253 92 489 434 246 944 143 365 793 452
432 671 816 450 874 409 757 496 733 923 353 502 29 560 790 378
201 767 208 663 187 649 863 360 553 254 221 340 35 19 214 636
835 23 792 489 193 409 677 374 707 412 87 729 139 47 743 131
577 321 816 274 887 228 900 488 948 17 71 848 708 280 542 664
473 590 182 939 398 831 836 1023 53 906 628 838 22 333 856 462
578 731 205 81 515 15 294 532 230 318 79 826 333 513 166 159
283 115 544 924 526 966 68 2 74 864 691 198 69 508 123 241
973 13 872 296 236 347 65 387 135 317 974 604 65 768 475 41
973 185 429 967 619 990 902 542 92 592 917 485 950 555 345 593
747 313 330 475 530 132 717 370 917 685 578 982 342 374 306 1014
288 560 458 15 563 966 827 527 18 727 699 690 890 391 940 169
578 365 78 385 900 228 851 169 441 669 638 197 695 684 156 339
33 523 953 963 507 699 847 396 630 315 323 592 782 1 591 508
283 846 40 235 881 226 248 916 42 888 617 188 371 873 144 428
288 540 525 265 616 176 776 573 262 409 39 236 985 87 330 1016
578 321 513 43 533 351 235 529 768 84 655 427 946 463 543 820
578 42 618 544 119 366 885 566 624 339 622 660 735 23 923 92
1023 12 767 91 983 754 684 21 984 462 98 828 782 455 173 915
747 17 215 914 579 838 920 801 448 762 891 56 929 391 385 380
952 273 863 719 425 485 59 873 514 303 849 821 633 893 260 48
186 512 408 594 941 622 270 594 393 63 290 572 90 1006 409 241
161 682 516 266 815 465 366 568 774 348 880 905 90 625 773 344
165 935 767 627 670 79 622 633 243 593 585 597 1 361 776 843
740 290 318 976 56 524 363 54 938 914 553 988 394 104 326 706
791 653 264 960 382 579 863 83 605 141 824 813 788 163 944 596
944 160 707 15 906 782 530 10 876 491 1021 424 561 757 842 854
283 709 9 174 433 852 136 224 680 64 97 939 367 916 722 739
578 964 813 658 612 1019 331 380 867 25 478 449 873 287 142 580
33 909 515 312 73 453 741 376 594 24 980 666 445 350 871 110
708 1016 201 119 820 1008 495 713 617 22 429 285 931 305 319 282
649 658 856 563 178 15 914 674 638 713 647 258 552 717 651 933
711 684 185 680 805 646 894 533 42 93 327 609 411 360 452 230
18 236 543 698 132 721 55 300 479 291 300 431 442 6 773 534
18 478 33 624 818 86 666 108 561 223 535 223 809 472 773 908
601 30 698 439 313 889 513 258 1010 731 901 556 425 796 409 367
708 533 682 701 686 478 115 534 764 636 646 186 258 337 822 116
33 939 85 644 47 337 954 504 477 90 264 651 525 813 718 191
973 490 179 514 557 652 947 619 800 170 235 553 793 563 153 670
692 76 721 132 303 853 191 51 373 508 932 616 116 564 365 235
1017 855 20 530 486 237 737 706 522 203 824 175 358 108 820 80
708 811 801 793 579 457 111 669 341 759 235 144 792 574 653 893
272 360 431 692 78 947 225 568 733 552 830 939 620 1017 43 874
795 191 727 847 204 664 301 568 572 67 4 376 635 161 254 974
726 588 714 264 55 621 9 1008 791 73 185 688 33 850 765 891
138 822 36 52 357 906 457 57 952 776 422 437 996 783 834 530
973 107 545 630 679 183 253 326 498 191 558 778 675 828 545 904
1023 304 768 90 315 27 26 486 40 476 121 616 87 872 261 462
726 415 827 432 15 71 757 756 698 556 292 39 621 140 949 661
33 721 112 160 743 722 195 849 214 156 964 526 697 354 758 261
138 159 763 37 355 762 504 233 530 823 509 787 129 456 239 248
578 554 655 449 900 829 698 413 87 957 722 797 930 575 16 545
990 157 983 584 533 862 633 327 586 500 1001 404 286 1018 621 727
743 43 222 731 132 631 577 322 843 787 226 622 687 235 700 276
20 968 460 552 586 579 898 533 241 203 721 865 129 136 301 276
561 961 754 147 20 194 727 100 619 355 21 347 722 473 236 131
518 162 944 1007 480 92 682 294 81 95 73 320 671 892 921 309
357 67 185 95 80 827 66 47 259 14 488 281 139 413 700 968
976 303 270 208 318 672 955 315 822 717 276 587 508 957 536 372
201 188 952 12 993 4 423 1017 754 888 111 206 858 796 12 719
795 130 492 753 841 129 634 119 393 185 16 1022 109 267 644 783
747 923 439 190 481 922 757 426 76 88 701 385 541 71 673 435
493 313 334 765 119 409 942 18 246 650 99 290 3 949 403 684
888 153 671 875 293 164 999 547 322 557 680 364 33 110 546 1002
707 498 697 104 1011 657 663 341 333 597 341 871 784 542 773 116
634 512 989 501 588 950 734 919 97 1011 597 437 267 845 152 294
301 982 686 146 535 178 376 904 944 808 814 309 979 108 817 1021
559 507 783 142 231 999 421 561 518 603 1004 497 367 651 47 333
323 816 1017 940 968 511 383 751 969 761 481 612 751 372 536 904
649 441 134 271 690 362 4 664 754 216 728 767 395 217 143 45
562 563 264 555 743 628 301 497 724 483 629 756 152 375 306 969
708 354 371 305 772 817 660 698 859 244 860 372 415 1012 194 217
821 441 900 405 644 331 328 792 748 961 778 436 5 249 194 820
20 682 138 486 724 108 843 232 407 243 672 988 532 172 773 855
433 797 733 669 921 999 210 620 380 319 944 279 770 572 183 445
710 204 18 437 57 160 12 287 34 645 993 826 447 708 397 821
544 879 831 325 945 373 618 119 263 307 63 296 154 634 408 704
283 582 230 998 480 333 717 5 588 367 319 976 534 1016 838 508
726 764 908 715 533 470 321 281 351 582 662 760 910 959 237 304
973 492 572 405 262 452 465 932 114 615 252 828 147 384 521 271
973 289 513 172 724 371 992 303 760 790 974 168 31 643 731 386
283 453 863 1000 237 542 842 492 794 136 127 302 729 367 330 918
726 923 402 564 931 739 616 213 375 315 478 411 617 816 659 604
138 190 71 396 206 924 757 414 617 759 325 194 417 773 759 743
288 669 122 774 208 11 1003 558 530 660 629 768 711 548 821 297
68 527 197 688 314 579 672 550 522 423 299 364 525 888 364 815
212 824 250 501 212 902 521 965 162 433 874 391 788 974 871 231
176 575 550 659 51 442 1019 758 45 300 226 573 38 936 536 110
1018 411 550 726 280 442 491 264 45 430 493 120 695 854 881 565
418 223 260 132 920 105 1001 264 980 401 655 789 199 357 206 455
858 997 230 709 176 618 310 394 202 945 934 837 710 107 507 716
514 248 569 407 872 237 626 594 783 909 699 944 914 908 913 568
7 366 872 286 381 706 670 414 701 291 682 910 539 25 14 171
138 310 51 230 871 392 618 829 233 882 637 47 849 289 932 901
1017 588 972 277 504 635 794 734 354 219 301 286 731 296 395 648
33 699 718 631 810 1 938 521 129 6 67 99 362 892 716 43
139 680 726 475 893 489 450 502 413 832 813 364 535 600 255 77
382 869 582 993 291 213 255 434 49 79 521 229 530 933 3 447
976 443 691 817 807 967 729 942 56 589 142 986 147 418 688 963
132 146 1014 561 514 1023 909 907 518 416 236 905 542 796 641 804
689 431 97 264 809 267 636 314 475 523 797 3 279 589 558 976
74 226 462 967 176 649 648 933 211 34 747 85 620 512 910 1016
365 216 899 408 572 872 620 36 254 325 478 848 257 534 67 596
138 540 152 294 873 966 948 964 413 242 506 81 129 293 968 159
7 444 962 819 958 91 346 544 530 293 343 673 472 694 879 740
473 105 867 117 648 326 267 255 413 176 813 251 403 600 729 163
726 824 779 212 136 288 243 555 536 50 943 1019 465 814 800 513
288 841 645 707 41 518 541 491 930 491 715 875 458 333 447 34
138 556 534 346 765 896 652 178 110 478 63 924 578 26 284 1001
1023 103 789 760 424 910 902 570 530 814 621 946 477 878 295 855
345 518 29 320 310 854 387 907 582 964 279 306 13 685 550 648
357 725 410 649 635 397 697 828 305 347 342 219 221 387 132 701
795 423 149 816 173 629 499 317 679 254 889 353 818 1018 587 209
201 640 300 522 38 837 914 260 208 228 292 685 815 817 355 398
877 97 700 257 941 691 323 776 1011 115 301 830 662 301 716 248
897 434 921 958 331 806 193 945 114 828 606 717 858 934 116 279
473 795 33 241 933 375 122 782 76 486 553 660 303 306 662 432
33 1022 723 236 313 489 848 558 684 709 505 806 900 610 533 828
973 800 723 555 395 3 842 878 920 95 839 840 613 876 214 27
33 105 708 1016 128 160 418 84 430 260 579 55 384 710 684 898
726 392 989 938 538 50 942 705 474 85 99 196 103 127 136 502
138 54 885 901 698 267 234 394 85 864 624 575 514 428 650 495
1023 152 543 920 887 304 449 505 668 674 980 372 363 3 232 469
544 361 420 913 731 1007 1019 201 924 625 772 603 69 573 339 745
981 316 19 877 264 987 407 767 826 257 398 51 946 133 393 540
913 999 701 1006 698 918 68 64 501 972 866 175 36 659 194 981
272 660 181 343 356 643 637 345 980 481 219 600 94 354 385 189
795 98 85 711 251 479 1012 91 758 605 973 811 712 113 587 870
560 828 821 308 565 858 745 570 536 901 266 298 702 722 834 302
562 324 528 929 3 998 661 544 214 645 218 727 702 600 833 113
747 555 40 326 632 211 258 383 31 564 106 157 251 770 819 194
708 712 764 740 260 383 330 135 110 21 240 403 354 839 152 587
189 115 159 340 991 402 396 251 709 442 562 2 361 32 153 953
797 197 76 173 334 400 605 386 373 600 921 72 949 610 514 205
692 957 578 814 238 806 50 767 586 688 39 314 36 10 228 815
981 45 621 360 181 701 297 206 538 759 678 116 378 681 222 534
730 648 706 315 958 938 182 896 72 291 130 190 237 753 679 372
473 626 840 830 944 981 736 73 519 99 231 944 849 130 401 524
696 318 682 33 795 409 315 605 202 243 54 1015 565 402 857 123
1009 9 627 256 393 835 92 135 779 491 24 1015 348 862 795 839
904 298 621 816 925 861 349 419 482 699 304 79 755 536 500 564
835 248 179 436 806 107 894 72 93 671 18 985 230 1011 47 170
139 1008 921 1000 724 169 76 382 581 470 408 574 892 457 733 368
782 45 983 698 358 473 683 241 92 479 426 1004 991 292 126 877
731 174 414 986 991 677 830 53 155 880 715 707 1012 771 769 376
913 676 215 760 969 752 515 549 418 915 327 573 964 213 769 600
795 447 945 866 597 41 66 619 252 500 700 297 478 771 176 663
452 523 761 920 10 874 487 219 542 817 197 935 980 201 218 817
719 259 768 219 652 342 113 572 531 406 629 14 79 512 486 213
365 147 105 72 948 979 757 569 107 841 412 1011 843 60 86 7
578 185 68 917 417 211 929 954 872 708 981 439 917 188 222 572
365 729 589 848 708 446 587 595 165 492 819 133 485 59 334 230
138 315 310 736 843 642 536 246 570 259 319 949 183 600 311 513
365 427 521 157 714 579 250 251 228 567 579 582 937 750 679 307
1023 285 526 733 25 322 479 292 40 239 432 787 228 137 564 820
365 163 505 3 215 2 979 901 78 561 934 61 66 502 820 155
365 716 179 114 199 743 290 739 547 595 651 468 4 408 550 8
33 427 373 688 913 343 62 991 221 668 621 854 470 128 48 546
677 754 873 828 531 281 46 828 310 762 726 302 655 902 786 781
718 322 669 57 151 446 245 573 860 451 216 403 884 649 820 455
730 621 288 73 174 485 469 377 1005 466 803 336 134 226 275 884
1017 716 451 806 644 435 920 953 256 466 108 464 591 838 834 918
726 446 237 1017 864 719 677 314 146 72 729 682 694 876 841 396
365 536 641 131 520 735 391 994 614 345 6 944 573 302 232 187
1017 681 32 875 941 862 973 769 350 82 252 949 105 573 152 160
1017 861 357 323 820 148 62 889 18 727 935 504 81 16 319 35
288 878 880 267 899 567 977 287 223 212 423 635 193 318 173 47
138 964 889 345 751 839 330 746 631 721 6 229 616 614 620 879
973 629 319 262 29 592 889 339 14 351 229 887 482 1001 818 409
138 173 557 514 691 12 482 776 617 761 420 992 820 914 224 733
973 854 909 995 660 897 673 898 582 628 447 191 766 850 316 935
138 662 141 393 750 187 454 894 946 942 508 543 736 102 821 354
375 140 814 813 38 909 836 177 859 576 487 508 890 844 893 808
138 473 350 401 862 405 894 38 767 507 844 870 718 35 259 149
365 209 496 927 187 910 987 169 802 342 398 913 280 530 271 188
138 98 0 212 292 643 978 793 230 1016 670 391 590 184 46 978
138 778 496 225 117 145 902 191 231 963 520 316 884 372 323 662
283 187 602 345 181 517 616 181 262 186 382 55 471 733 224 802
726 419 802 147 875 743 195 559 865 71 774 910 473 853 545 84
365 180 242 193 222 488 506 563 384 736 206 681 484 102 669 562
138 415 975 593 529 51 863 795 547 81 862 889 560 997 883 84
578 147 281 658 850 213 248 900 266 930 1012 1010 338 474 645 391
973 348 119 507 102 361 842 555 498 560 6 282 536 123 619 754
138 876 1012 924 798 520 320 1006 590 197 752 437 115 768 16 716
973 124 592 111 251 765 273 993 262 320 635 556 680 384 832 790
138 790 122 448 442 625 842 581 11 822 338 513 598 48 239 158
138 143 52 254 883 379 752 533 536 391 337 994 437 699 342 126
33 895 478 10 651 511 644 518 630 974 556 251 129 101 68 806
578 433 888 315 492 915 505 101 542 837 199 989 962 129 973 802
973 603 975 173 855 766 495 392 863 1019 740 307 901 117 178 1
288 310 335 854 325 390 218 868 748 284 862 984 838 127 800 70
365 770 387 761 724 321 0 894 121 942 721 835 482 101 727 429
365 749 995 604 724 319 884 96 930 347 524 835 169 153 144 153
138 163 910 708 363 701 787 196 194 547 126 551 252 550 358 333
138 939 602 538 567 762 207 795 695 538 937 428 460 633 1001 995
365 771 208 755 814 910 757 540 98 910 83 824 460 790 645 17
578 119 731 471 160 898 1011 95 316 725 398 113 671 153 817 513
288 327 196 507 272 595 531 542 969 627 788 889 554 836 664 972
205 611 131 323 231 270 226 91 153 752 364 377 488 850 821 238
579 863 388 912 627 797 900 386 377 658 390 216 773 948 665 517
645 515 119 977 294 35 1013 809 284 469 299 792 4 774 925 302
345 629 901 1007 778 646 973 78 530 832 625 624 812 279 448 364
944 349 15 476 632 508 890 318 992 293 819 241 822 2 944 913
708 287 165 329 1003 238 564 413 221 971 890 311 326 828 861 853
308 841 104 45 826 974 35 573 743 287 896 215 56 901 949 279
649 926 853 318 361 497 850 79 590 628 977 729 411 398 371 808
7 48 337 747 662 387 78 435 354 332 177 491 198 707 69 76
686 847 139 12 225 1014 979 412 294 834 31 424 97 196 278 533
144 61 300 145 115 376 831 872 203 343 379 250 400 365 773 70
69 646 595 940 211 857 987 102 1005 208 879 907 1021 96 634 980
45 366 310 960 189 485 492 538 126 128 370 550 664 1017 550 279
1009 528 161 940 108 788 492 585 616 322 929 986 66 55 194 372
782 593 342 977 631 628 792 856 0 605 422 541 24 509 53 465
473 558 234 209 802 167 309 257 97 584 72 186 319 496 409 933
473 893 347 624 815 403 163 622 606 909 723 400 918 642 536 711
562 658 416 863 459 493 207 246 721 199 239 18 160 408 306 354
577 48 399 355 747 373 61 193 267 278 928 323 587 671 138 254
868 937 40 770 306 991 881 772 351 460 1014 98 59 803 546 196
33 362 35 408 927 862 356 723 651 127 53 652 160 966 920 524
726 991 1012 896 391 122 219 922 595 193 621 992 978 631 533 307
345 582 285 95 648 725 126 843 490 498 734 476 120 606 132 885
921 592 377 227 901 574 986 56 218 630 878 640 334 536 545 884
577 780 458 77 481 592 403 755 671 510 680 647 168 166 694 934
365 429 801 343 533 786 220 977 830 247 249 389 252 858 257 102
609 643 38 248 690 910 62 7 519 1019 100 770 888 119 771 325
152 383 873 312 241 846 363 855 83 184 998 909 855 615 545 937
909 341 445 587 443 35 804 872 903 797 161 903 627 50 971 90
898 740 147 315 377 30 810 433 321 470 280 173 569 136 463 818
802 329 465 118 395 388 732 844 77 348 506 198 34 131 499 182
973 298 347 881 194 785 394 397 534 592 29 574 932 768 323 530
33 69 813 100 765 890 786 479 879 988 238 879 684 417 379 593
693 919 825 631 489 779 111 212 170 319 450 696 663 933 26 1002
283 907 726 651 153 281 869 839 262 688 595 304 626 125 486 513
365 289 380 986 966 1005 152 392 300 404 851 462 384 119 456 139
527 338 687 665 375 391 14 472 607 874 765 53 721 132 431 866
832 154 766 604 271 391 873 484 704 612 24 186 398 601 775 389
11 381 269 186 557 391 384 566 605 903 854 1012 118 434 749 340
350 767 994 307 195 983 240 941 143 387 348 655 355 269 13 95
681 3 416 107 639 508 893 865 974 273 159 985 85 829 124 265
898 400 847 116 628 57 71 450 262 699 18 985 708 713 593 95
538 414 242 299 963 177 84 105 8 387 150 734 51 32 104 265
120 841 662 917 157 16 677 173 262 464 491 655 708 224 733 701
793 406 803 318 785 436 246 470 68 613 285 113 480 36 685 225
325 915 104 41 974 379 673 590 542 753 995 799 129 10 982 784
138 446 214 708 548 3 108 206 519 853 89 828 301 756 210 853
189 123 982 151 923 937 248 571 134 151 869 882 1010 707 270 57
869 15 1016 913 294 408 369 408 522 595 504 503 649 1017 640 2
344 320 578 892 48 856 35 873 203 360 224 885 441 157 261 90
712 667 921 872 1000 492 621 394 420 685 797 501 180 52 480 72
744 467 85 471 179 37 258 480 375 733 739 92 845 39 73 575
897 601 1004 340 681 963 66 291 106 248 530 985 518 975 139 164
251 872 66 758 752 678 37 943 818 673 249 930 36 541 819 780
443 809 735 920 658 483 929 443 430 836 185 806 142 541 536 69
694 771 791 332 834 79 788 617 118 687 267 745 119 644 385 85
635 73 161 527 850 625 4 882 412 523 535 999 364 918 152 1
172 60 854 9 552 97 598 341 845 891 631 982 528 218 790 788
795 13 134 146 380 225 46 161 483 825 699 990 844 795 854 535
189 87 562 1001 767 472 102 426 254 218 71 349 956 401 524 717
689 393 962 689 521 254 338 576 893 233 680 101 368 948 180 554
1015 22 711 608 883 1014 291 376 417 1005 857 640 433 696 644 152
831 990 642 342 761 162 983 73 134 748 179 120 835 21 987 680
308 841 588 620 457 460 854 607 855 92 541 765 876 854 731 578
19 390 41 881 859 492 658 647 504 233 16 111 185 391 65 821
913 27 942 390 366 630 781 272 887 131 804 422 619 413 339 197
227 236 566 104 881 909 580 745 88 991 457 933 914 358 166 877
308 368 951 992 668 583 512 717 859 214 351 998 796 59 895 41
578 990 406 360 424 843 868 423 76 483 687 43 992 164 733 843
365 674 70 495 45 159 298 552 464 951 574 592 1003 59 436 409
138 523 16 228 411 617 1003 255 559 775 952 22 546 320 100 680
973 955 960 901 241 934 980 858 439 0 903 599 784 959 287 492
719 189 377 240 225 816 65 310 867 727 155 999 80 280 627 198
611 836 401 140 763 411 610 551 800 669 562 553 619 161 752 831
613 666 408 414 603 921 25 745 772 847 704 526 586 987 985 82
763 744 300 285 599 844 480 25 848 572 634 796 133 869 306 465
448 247 105 851 811 606 333 489 607 466 522 434 31 1003 232 697
689 525 422 169 174 459 564 355 539 805 73 689 306 359 409 995
98 942 460 255 358 840 97 579 70 561 835 718 131 568 680 482
734 647 425 675 836 1017 843 77 147 808 242 492 955 39 173 322
443 720 250 32 618 275 787 858 102 219 686 711 979 658 152 399
869 896 368 535 335 897 823 743 768 335 948 409 275 448 129 35
868 924 479 244 409 981 605 745 83 117 226 269 221 927 550 268
33 543 814 446 679 59 720 255 340 662 58 43 238 230 518 500
365 1010 906 753 662 21 575 755 900 1016 802 1015 183 697 620 452
138 475 141 672 766 654 26 805 224 166 922 871 580 381 157 498
578 9 19 539 749 922 673 795 1022 74 844 797 134 959 679 397
138 518 534 726 730 169 789 510 119 432 129 568 309 768 906 554
578 913 347 931 881 243 1 399 640 853 950 53 887 600 11 1020
578 123 891 478 544 837 319 991 262 99 294 865 206 857 827 305
578 248 872 359 431 101 252 183 239 487 654 622 474 666 198 953
578 603 73 813 584 85 542 895 203 619 171 942 388 693 143 326
283 441 226 223 10 520 61 377 653 0 574 735 566 77 537 65
578 1010 888 166 366 153 67 353 534 755 146 673 134 586 386 146
578 748 849 38 615 688 991 254 92 529 4 865 977 293 456 1005
578 413 959 117 764 543 67 130 595 11 588 513 259 164 542 606
578 468 313 487 6 388 530 125 326 264 517 776 77 306 948 879
973 187 373 174 1000 158 372 816 721 744 88 796 355 773 83 724
365 253 470 639 830 23 894 64 664 217 957 1010 97 1022 545 704
973 767 6 782 665 213 802 661 345 726 728 681 684 464 772 225
578 495 351 284 343 122 880 148 493 461 980 502 725 186 221 26
973 947 373 607 576 926 878 963 326 538 447 782 155 581 806 264
283 383 159 359 879 166 65 999 625 680 413 214 303 233 31 513
578 825 847 124 189 308 70 539 119 853 141 992 270 853 20 47
138 765 197 907 217 683 741 362 439 257 162 808 829 139 981 459
578 600 602 912 29 385 979 21 998 684 343 203 744 888 545 898
138 779 457 537 285 176 379 517 74 284 792 720 180 687 832 147
578 234 37 691 244 240 1011 1004 1015 976 723 859 241 441 215 58
578 92 159 331 86 65 298 353 98 851 18 379 972 244 598 233
578 387 526 762 284 41 673 333 262 751 395 558 489 138 735 816
578 500 114 407 229 8 245 1 57 81 292 735 256 23 760 380
138 952 792 928 724 359 743 710 64 881 684 622 372 165 545 185
138 475 656 657 487 61 225 201 894 192 582 963 968 45 545 674
138 11 537 650 820 237 173 612 816 863 426 821 635 184 758 188
726 973 163 813 153 119 745 890 92 423 425 307 470 372 109 147
726 533 465 786 374 982 26 124 110 829 528 564 1000 53 607 385
345 48 686 44 637 743 267 473 167 208 244 864 839 677 152 849
952 682 177 1018 800 438 391 579 44 170 654 983 260 579 24 398
708 121 177 853 749 376 860 600 468 281 231 729 466 708 319 340
365 773 550 411 920 542 290 407 636 787 88 646 460 453 119 275
365 11 597 307 188 891 921 512 998 170 141 112 172 671 500 711
288 342 393 87 901 479 842 908 8 851 867 718 320 636 184 222
365 178 688 116 58 419 256 997 142 99 183 947 433 188 346 513
33 427 314 166 358 625 319 211 1020 63 525 807 915 462 906 820
1017 308 124 16 1011 30 976 964 491 920 630 288 802 452 273 126
251 538 166 537 95 337 26 576 240 761 383 216 867 1018 180 341
518 422 742 851 183 171 339 78 189 165 567 703 234 708 546 249
328 750 330 851 183 250 172 87 433 228 817 618 147 395 961 708
560 214 166 675 164 938 309 514 817 228 605 414 525 656 916 739
397 875 46 766 103 896 226 498 485 228 736 569 453 847 965 210
559 69 721 109 1018 899 67 201 765 630 796 773 512 16 553 983
560 940 768 530 892 91 540 177 596 228 335 550 682 634 926 351
158 847 278 615 651 781 251 957 211 752 264 172 804 848 319 428
139 324 63 927 973 665 348 555 916 154 997 716 2 177 319 589
868 527 986 132 909 997 326 35 847 439 525 21 142 147 396 743
868 1022 263 593 749 1005 655 607 40 594 169 268 995 987 80 234
443 189 247 364 507 649 47 921 345 118 594 422 523 932 898 881
758 582 841 419 220 3 971 570 514 181 651 186 706 773 845 441
469 446 940 94 605 293 882 572 273 225 651 918 267 330 462 344
99 443 390 417 56 391 75 716 814 682 901 236 313 613 824 699
565 124 767 168 319 419 732 894 917 97 618 53 425 693 23 430
395 453 261 877 458 94 149 490 777 945 205 130 386 861 519 238
480 379 25 178 119 644 880 970 657 83 674 481 786 253 519 535
604 453 850 664 64 30 966 318 988 459 756 603 777 469 19 747
824 481 613 212 775 51 223 751 673 546 993 582 134 341 625 606
545 782 33 212 115 166 510 383 751 279 837 367 421 418 977 617
197 846 264 843 834 49 671 625 768 897 674 638 82 1004 639 768
979 511 669 626 811 862 311 406 410 678 903 46 838 1013 26 92
200 475 806 814 711 12 784 674 308 811 909 695 949 938 320 978
33 956 482 170 966 246 307 19 262 401 635 567 721 406 310 679
708 55 563 118 885 253 784 798 941 915 457 870 501 164 81 760
288 152 519 319 724 484 788 858 243 480 245 140 927 669 708 400
365 17 281 55 653 347 532 757 271 857 751 603 887 307 233 857
1017 98 797 3 646 521 708 128 624 549 519 508 71 424 468 918
280 770 784 408 980 827 764 325 974 492 528 325 392 228 13 630
562 872 592 688 863 1020 740 1 859 1000 677 77 752 854 872 826
726 105 273 934 398 408 851 591 270 169 287 771 903 420 622 470
22 27 452 665 244 174 320 1016 226 430 640 134 86 573 421 941
720 389 134 929 285 110 725 1012 56 346 948 274 914 50 929 781
356 237 405 747 604 139 143 213 943 980 62 533 150 661 80 1019
950 535 4 602 379 742 729 784 323 197 716 650 244 622 107 561
1023 637 993 456 1007 953 523 308 620 799 71 296 920 765 448 304
325 815 668 912 971 726 619 951 46 635 440 547 901 865 106 573
973 663 926 287 333 122 296 1016 121 905 594 606 752 710 940 622
138 407 977 576 430 137 273 905 867 486 236 988 129 304 757 389
973 495 545 616 375 239 71 739 518 668 575 698 163 282 663 670
138 1019 646 287 686 639 861 91 231 305 716 403 1022 945 766 824
365 122 630 727 351 581 291 136 512 832 374 604 618 756 545 915
138 980 417 264 731 373 253 440 493 645 189 592 575 772 1022 430
365 710 662 917 373 25 771 245 769 963 486 267 223 550 41 195
283 74 966 555 329 734 346 517 385 546 921 188 85 949 1016 910
726 259 599 398 262 647 26 343 709 518 399 568 550 860 892 501
138 626 88 478 43 525 67 660 545 850 593 514 155 814 404 250
138 366 295 264 884 958 97 134 724 257 374 720 920 656 541 240
365 600 88 152 29 46 206 486 258 344 196 663 198 598 1016 819
719 483 657 629 723 754 500 736 130 532 563 673 890 951 71 921
590 1008 37 811 457 89 24 705 494 804 491 830 116 435 465 714
345 40 453 128 261 174 365 156 809 232 686 888 88 585 373 3
609 278 1 58 557 16 293 230 94 6 330 665 245 143 911 783
852 978 854 262 946 626 489 779 703 673 928 120 86 796 557 455
99 96 222 147 620 1014 624 4 703 798 559 932 350 35 900 753
129 141 153 724 141 237 982 641 147 883 723 702 586 237 84 625
973 988 445 746 396 582 989 267 535 828 974 322 437 614 587 396
578 638 834 836 973 825 648 135 305 419 702 907 120 112 631 591
138 1000 325 403 251 991 242 719 429 802 659 188 325 969 587 210
138 159 36 755 220 541 454 380 915 425 260 94 6 55 587 92
138 980 247 833 651 647 272 546 457 983 477 828 612 984 112 366
973 871 872 475 648 27 684 590 231 974 264 689 190 914 462 923
493 798 849 518 204 942 34 264 637 963 483 742 989 910 140 992
817 975 274 418 18 205 945 575 745 195 829 400 643 619 422 885
744 25 951 461 433 35 403 640 246 787 116 92 765 596 19 357
1017 881 125 929 410 128 567 197 492 257 415 776 759 718 134 11
139 659 8 183 904 75 232 27 816 24 113 800 503 649 786 582
821 769 682 195 38 563 126 462 943 270 479 436 575 167 232 933
793 499 288 187 741 363 743 965 782 795 907 544 884 458 790 299
365 955 227 571 428 569 472 536 681 193 722 406 272 750 88 918
559 462 653 1 100 631 150 589 681 697 861 596 230 973 19 549
1003 217 395 507 445 30 140 87 89 470 666 439 50 1016 513 151
46 536 491 265 86 305 593 161 758 281 183 181 305 854 904 322
407 478 703 867 260 85 916 632 477 348 920 51 731 1004 407 884
795 1014 969 906 847 658 36 520 951 365 511 173 28 612 721 799
33 844 878 152 2 663 150 794 900 194 279 580 415 955 741 911
283 784 225 850 141 25 900 84 262 271 477 988 347 474 472 741
1023 1017 567 846 259 452 681 907 207 837 383 591 549 94 631 339
1023 335 76 761 525 762 94 936 448 884 574 423 272 615 243 188
201 458 937 140 565 142 916 897 869 865 522 635 613 600 964 157
7 285 7 407 396 127 931 645 414 142 347 92 646 306 806 518
578 393 574 117 671 224 732 1007 252 333 355 720 365 287 872 441
973 800 145 750 159 366 842 188 659 967 629 464 551 406 885 848
973 151 878 205 529 461 130 39 118 527 345 720 525 508 13 957
726 817 642 152 833 937 405 62 643 71 150 840 182 750 166 3
973 67 689 696 70 579 602 758 282 974 795 947 937 647 732 182
935 175 61 894 543 391 68 96 213 635 240 726 116 365 909 331
637 65 286 903 447 916 823 704 337 827 959 690 143 6 451 9
872 413 311 726 870 547 310 693 409 597 898 953 683 566 158 582
692 29 340 456 292 649 468 500 150 198 837 517 198 230 657 563
523 440 536 245 313 607 389 658 804 81 506 771 191 29 500 737
976 328 530 120 507 447 816 256 570 4 671 840 950 606 101 465
7 686 484 856 439 971 423 896 349 668 784 945 466 185 125 295
325 922 790 708 767 840 407 95 639 974 416 22 808 699 961 811
138 699 339 433 91 637 770 935 339 910 129 936 373 276 643 1018
578 183 938 364 637 895 965 844 681 544 410 849 403 193 153 433
726 931 970 910 774 612 766 649 574 317 240 996 176 110 242 626
138 649 973 117 567 339 307 527 20 647 299 881 572 855 842 768
726 823 596 128 439 765 551 246 282 104 7 81 952 530 269 465
578 162 999 887 874 528 440 724 578 857 804 181 266 905 832 622
1023 405 545 837 671 499 540 176 596 147 6 77 838 410 855 513
288 136 840 944 794 321 225 775 349 843 279 67 145 105 865 780
578 874 721 117 901 291 72 156 652 224 170 188 293 978 552 113
973 746 314 254 918 237 108 907 1021 727 224 545 994 803 707 87
1017 349 39 246 669 946 808 237 387 835 897 583 129 594 354 555
345 82 995 917 751 190 154 237 146 277 897 370 728 383 816 577
473 59 692 166 854 703 167 580 777 277 276 793 963 394 933 153
708 479 26 412 138 376 708 17 50 304 94 493 985 416 396 734
866 61 254 16 83 139 498 9 323 277 45 677 538 153 95 695
1015 763 749 56 318 142 919 741 341 124 525 73 426 530 122 139
443 142 831 493 216 854 607 589 40 681 987 780 218 338 602 902
560 101 841 960 806 32 955 977 303 672 1014 193 56 398 217 642
637 78 686 188 929 656 540 773 520 664 687 397 326 582 313 177
564 478 99 352 1012 318 684 923 996 333 624 409 76 590 851 156
433 138 207 203 215 170 902 188 303 221 737 604 170 815 722 89
16 1013 422 452 583 81 248 22 486 398 394 718 489 361 323 932
628 325 300 745 764 663 684 262 358 585 394 318 534 957 86 26
561 1 578 806 80 268 847 577 240 827 486 489 7 204 134 798
781 194 707 157 138 86 941 594 424 662 569 403 569 572 147 1002
138 501 494 842 510 877 818 26 230 790 468 201 738 126 740 184
283 9 235 772 656 677 84 460 653 508 625 245 286 834 186 785
578 735 100 330 521 240 754 739 135 199 765 992 460 398 366 849
375 899 646 121 820 735 745 933 225 284 598 556 809 669 545 994
578 798 52 833 937 224 894 770 582 529 292 824 751 153 424 176
138 350 526 797 761 153 884 531 87 240 857 298 294 958 262 893
375 416 574 466 1023 904 836 27 966 409 964 436 663 153 762 938
13 383 505 335 272 3 290 362 709 795 432 155 913 876 918 553
274 906 481 785 83 345 491 793 612 404 885 85 86 974 893 1016
861 998 989 412 366 492 605 821 685 744 747 297 810 437 430 786
545 801 132 683 282 301 30 461 324 321 935 308 495 684 836 54
558 676 694 903 316 245 1004 160 165 146 379 897 683 31 332 328
903 187 566 50 157 665 1019 496 89 281 912 858 904 612 536 148
775 427 923 839 293 919 577 815 152 983 403 959 733 213 244 458
981 937 400 69 418 495 105 954 74 600 890 698 593 189 205 862
288 990 356 518 421 245 468 590 936 240 564 830 382 131 134 632
33 287 997 563 692 871 875 590 564 186 976 682 543 328 334 251
708 1019 752 556 42 453 492 5 806 958 180 694 806 46 289 700
452 941 643 41 949 260 378 947 74 931 416 211 495 945 470 672
452 736 863 99 80 81 694 475 395 765 766 94 434 710 806 947
824 115 543 364 20 569 957 77 459 90 507 25 4 834 479 698
791 283 434 59 49 702 91 840 661 74 571 757 793 425 724 616
672 1004 720 613 420 790 573 618 129 33 225 321 361 94 497 678
786 355 320 892 313 623 742 692 231 0 368 488 684 653 175 1019
248 466 666 16 208 762 632 646 972 130 384 108 980 684 813 231
970 590 441 693 860 543 192 152 774 986 119 356 523 718 646 404
973 984 724 530 1021 83 617 825 870 500 550 603 48 650 718 613
726 815 990 646 386 708 818 888 926 332 906 505 191 598 866 188
973 799 217 1 475 462 870 955 195 878 319 129 668 773 265 35
726 194 377 911 202 833 902 563 547 13 598 503 706 172 657 938
1015 573 251 132 682 887 51 292 474 36 874 84 837 800 330 933
689 419 434 585 875 182 759 595 45 685 920 877 221 1017 557 60
561 570 697 140 445 163 595 1002 963 579 423 760 355 297 969 650
981 423 548 390 909 813 207 313 575 617 398 372 480 954 721 1012
325 191 732 665 541 652 673 349 455 244 658 186 927 699 326 371
325 997 873 907 948 180 673 805 262 370 302 681 124 309 434 550
